1 0.434479 -0.2085 -0.373125 -0.388192 -0.311519 
0.434479 1 0.345524 -0.308251 -0.477426 -0.393884 
-0.2085 0.345524 1 0.339814 -0.313059 -0.387929 
-0.373125 -0.308251 0.339814 1 0.349543 -0.200771 
-0.388192 -0.477426 -0.313059 0.349543 1 0.440787 
-0.311519 -0.393884 -0.387929 -0.200771 0.440787 1 
